0,f,a,6,9,5,0,0,1,1
1,f,a,6,9,5,0,0,1,1
2,f,a,6,9,5,0,0,1,1
3,f,a,6,9,5,0,0,1,1
4,f,a,6,9,5,0,0,1,1
5,f,a,6,9,5,0,0,1,1
6,f,a,6,9,5,0,0,1,1
7,f,a,6,9,5,0,0,1,1
8,f,a,6,9,5,0,0,1,1
9,f,a,6,9,5,0,0,1,1
10,f,a,6,9,5,0,0,1,1
11,f,a,6,9,5,0,0,1,1
12,f,a,6,9,5,0,0,1,1
13,f,a,6,9,5,0,0,1,1
14,f,a,6,9,5,0,0,1,1
15,f,a,6,9,5,0,0,1,1
16,f,a,6,9,5,0,0,1,1
17,f,a,6,9,5,0,0,1,1
18,f,a,6,9,5,0,0,1,1
19,f,a,6,9,5,0,0,1,1
20,f,a,6,9,5,0,0,1,1
21,f,a,6,9,5,0,0,1,1
22,f,a,6,9,5,0,0,1,1
23,f,a,6,9,5,0,0,1,1
24,f,a,6,9,5,0,0,1,1
25,f,a,6,9,5,0,0,1,1
26,f,a,6,9,5,0,0,1,1
27,f,a,6,9,5,0,0,1,1
28,f,a,6,9,5,0,0,1,1
29,f,a,6,9,5,0,0,1,1
30,f,a,6,9,5,0,0,1,1
31,f,a,6,9,5,0,0,1,1
32,f,a,6,9,5,0,0,1,1
33,f,a,6,9,5,0,0,1,1
34,f,a,6,9,5,0,0,1,1
35,f,a,6,9,5,0,0,1,1
36,f,a,6,9,5,0,0,1,1
37,f,a,6,9,5,0,0,1,1
38,f,a,6,9,5,0,0,1,1
39,f,a,6,9,5,0,0,1,1
40,f,a,6,9,5,0,0,1,1
41,f,a,6,9,5,0,0,1,1
42,f,a,6,9,5,0,0,1,1
43,f,a,6,9,5,0,0,1,1
44,f,a,6,9,5,0,0,1,1
45,f,a,6,9,5,0,0,1,1
46,f,a,6,9,5,0,0,1,1
47,f,a,6,9,5,0,0,1,1
48,f,a,6,9,5,0,0,1,1
49,f,a,6,9,5,0,0,1,1
50,f,a,6,9,5,0,0,1,1
51,f,a,6,9,5,0,0,1,1
52,f,a,6,9,5,0,0,1,1
53,f,a,6,9,5,0,0,1,1
54,f,a,6,9,5,0,0,1,1
55,f,a,6,9,5,0,0,1,1
56,f,a,6,9,5,0,0,1,1
57,f,a,6,9,5,0,0,1,1
58,f,a,6,9,5,0,0,1,1
59,f,a,6,9,5,0,0,1,1
60,f,a,6,9,5,0,0,1,1
61,f,a,6,9,5,0,0,1,1
62,f,a,6,9,5,0,0,1,1
63,f,a,6,9,5,0,0,1,1
64,f,a,6,9,5,0,0,1,1
65,f,a,6,9,5,0,0,1,1
66,f,a,6,9,5,0,0,1,1
67,f,a,6,9,5,0,0,1,1
68,f,a,6,9,5,0,0,1,1
69,f,a,6,9,5,0,0,1,1
70,f,a,6,9,5,0,0,1,1
71,f,a,6,9,5,0,0,1,1
72,f,a,6,9,5,0,0,1,1
73,f,a,6,9,5,0,0,1,1
74,f,a,6,9,5,0,0,1,1
75,f,a,6,9,5,0,0,1,1
76,f,a,6,9,5,0,0,1,1
77,f,a,6,9,5,0,0,1,1
78,f,a,6,9,5,0,0,1,1
79,f,a,6,9,5,0,0,1,1
80,f,a,6,9,5,0,0,1,1
81,f,a,6,9,5,0,0,1,1
82,f,a,6,9,5,0,0,1,1
83,f,a,6,9,5,0,0,1,1
84,f,a,6,9,5,0,0,1,1
85,f,a,6,9,5,0,0,1,1
86,f,a,6,9,5,0,0,1,1
87,f,a,6,9,5,0,0,1,1
88,f,a,6,9,5,0,0,1,1
89,f,a,6,9,5,0,0,1,1
90,f,a,6,9,5,0,0,1,1
91,f,a,6,9,5,0,0,1,1
92,f,a,6,9,5,0,0,1,1
93,f,a,6,9,5,0,0,1,1
94,f,a,6,9,5,0,0,1,1
95,f,a,6,9,5,0,0,1,1
96,f,a,6,9,5,0,0,1,1
97,f,a,6,9,5,0,0,1,1
98,f,a,6,9,5,0,0,1,1
99,f,a,6,9,5,0,0,1,1
100,f,a,6,9,5,0,0,1,1
101,f,a,6,9,5,0,0,1,1
102,f,a,6,9,5,0,0,1,1
103,f,a,6,9,5,0,0,1,1
104,f,a,6,9,5,0,0,1,1
105,f,a,6,9,5,0,0,1,1
106,f,a,6,9,5,0,0,1,1
107,f,a,6,9,5,0,0,1,1
108,f,a,6,9,5,0,0,1,1
109,f,a,6,9,5,0,0,1,1
110,f,a,6,9,5,0,0,1,1
111,f,a,6,9,5,0,0,1,1
112,f,a,6,9,5,0,0,1,1
113,f,a,6,9,5,0,0,1,1
114,f,a,6,9,5,0,0,1,1
115,f,a,6,9,5,0,0,1,1
116,f,a,6,9,5,0,0,1,1
117,f,a,6,9,5,0,0,1,1
118,f,a,6,9,5,0,0,1,1
119,f,a,6,9,5,0,0,1,1
120,f,a,6,9,5,0,0,1,1
121,f,a,6,9,5,0,0,1,1
122,f,a,6,9,5,0,0,1,1
123,f,a,6,9,5,0,0,1,1
124,f,a,6,9,5,0,0,1,1
125,f,a,6,9,5,0,0,1,1
126,f,a,6,9,5,0,0,1,1
127,f,a,6,9,5,0,0,1,1
128,f,a,6,9,5,0,0,1,1
129,f,a,6,9,5,0,0,1,1
130,f,a,6,9,5,0,0,1,1
131,f,a,6,9,5,0,0,1,1
132,f,a,6,9,5,0,0,1,1
133,f,a,6,9,5,0,0,1,1
134,f,a,6,9,5,0,0,1,1
135,f,a,6,9,5,0,0,1,1
136,f,a,6,9,5,0,0,1,1
137,f,a,6,9,5,0,0,1,1
138,f,a,6,9,5,0,0,1,1
139,f,a,6,9,5,0,0,1,1
140,f,a,6,9,5,0,0,1,1
141,f,a,6,9,5,0,0,1,1
142,f,a,6,9,5,0,0,1,1
143,f,a,6,9,5,0,0,1,1
144,f,a,6,9,5,0,0,1,1
145,f,a,6,9,5,0,0,1,1
146,f,a,6,9,5,0,0,1,1
147,f,a,6,9,5,0,0,1,1
148,f,a,6,9,5,0,0,1,1
149,f,a,6,9,5,0,0,1,1
150,f,a,6,9,5,0,0,1,1
151,f,a,6,9,5,0,0,1,1
152,f,a,6,9,5,0,0,1,1
153,f,a,6,9,5,0,0,1,1
154,f,a,6,9,5,0,0,1,1
155,f,a,6,9,5,0,0,1,1
156,f,a,6,9,5,0,0,1,1
157,f,a,6,9,5,0,0,1,1
158,f,a,6,9,5,0,0,1,1
159,f,a,6,9,5,0,0,1,1
160,f,a,6,9,5,0,0,1,1
161,f,a,6,9,5,0,0,1,1
162,f,a,6,9,5,0,0,1,1
163,f,a,6,9,5,0,0,1,1
164,f,a,6,9,5,0,0,1,1
165,f,a,6,9,5,0,0,1,1
166,f,a,6,9,5,0,0,1,1
167,f,a,6,9,5,0,0,1,1
168,f,a,6,9,5,0,0,1,1
169,f,a,6,9,5,0,0,1,1
170,f,a,6,9,5,0,0,1,1
171,f,a,6,9,5,0,0,1,1
172,f,a,6,9,5,0,0,1,1
173,f,a,6,9,5,0,0,1,1
174,f,a,6,9,5,0,0,1,1
175,f,a,6,9,5,0,0,1,1
176,f,a,6,9,5,0,0,1,1
177,f,a,6,9,5,0,0,1,1
178,f,a,6,9,5,0,0,1,1
179,f,a,6,9,5,0,0,1,1
180,f,a,6,9,5,0,0,1,1
181,f,a,6,9,5,0,0,1,1
182,f,a,6,9,5,0,0,1,1
183,f,a,6,9,5,0,0,1,1
184,f,a,6,9,5,0,0,1,1
185,f,a,6,9,5,0,0,1,1
186,f,a,6,9,5,0,0,1,1
187,f,a,6,9,5,0,0,1,1
188,f,a,6,9,5,0,0,1,1
189,f,a,6,9,5,0,0,1,1
190,f,a,6,9,5,0,0,1,1
191,f,a,6,9,5,0,0,1,1
192,f,a,6,9,5,0,0,1,1
193,f,a,6,9,5,0,0,1,1
194,f,a,6,9,5,0,0,1,1
195,f,a,6,9,5,0,0,1,1
196,f,a,6,9,5,0,0,1,1
197,f,a,6,9,5,0,0,1,1
198,f,a,6,9,5,0,0,1,1
199,f,a,6,9,5,0,0,1,1
200,f,a,6,9,5,0,0,1,1
201,f,a,6,9,5,0,0,1,1
202,f,a,6,9,5,0,0,1,1
203,f,a,6,9,5,0,0,1,1
204,f,a,6,9,5,0,0,1,1
205,f,a,6,9,5,0,0,1,1
206,f,a,6,9,5,0,0,1,1
207,f,a,6,9,5,0,0,1,1
208,f,a,6,9,5,0,0,1,1
209,f,a,6,9,5,0,0,1,1
210,f,a,6,9,5,0,0,1,1
211,f,a,6,9,5,0,0,1,1
212,f,a,6,9,5,0,0,1,1
213,f,a,6,9,5,0,0,1,1
214,f,a,6,9,5,0,0,1,1
215,f,a,6,9,5,0,0,1,1
216,f,a,6,9,5,0,0,1,1
217,f,a,6,9,5,0,0,1,1
218,f,a,6,9,5,0,0,1,1
219,f,a,6,9,5,0,0,1,1
220,f,a,6,9,5,0,0,1,1
221,f,a,6,9,5,0,0,1,1
222,f,a,6,9,5,0,0,1,1
223,f,a,6,9,5,0,0,1,1
224,f,a,6,9,5,0,0,1,1
225,f,a,6,9,5,0,0,1,1
226,f,a,6,9,5,0,0,1,1
227,f,a,6,9,5,0,0,1,1
228,f,a,6,9,5,0,0,1,1
229,f,a,6,9,5,0,0,1,1
230,f,a,6,9,5,0,0,1,1
231,f,a,6,9,5,0,0,1,1
232,f,a,6,9,5,0,0,1,1
233,f,a,6,9,5,0,0,1,1
234,f,a,6,9,5,0,0,1,1
235,f,a,6,9,5,0,0,1,1
236,f,a,6,9,5,0,0,1,1
237,f,a,6,9,5,0,0,1,1
238,f,a,6,9,5,0,0,1,1
239,f,a,6,9,5,0,0,1,1
240,f,a,6,9,5,0,0,1,1
241,f,a,6,9,5,0,0,1,1
242,f,a,6,9,5,0,0,1,1
243,f,a,6,9,5,0,0,1,1
244,f,a,6,9,5,0,0,1,1
245,f,a,6,9,5,0,0,1,1
246,f,a,6,9,5,0,0,1,1
247,f,a,6,9,5,0,0,1,1
248,f,a,6,9,5,0,0,1,1
249,f,a,6,9,5,0,0,1,1
250,f,a,6,9,5,0,0,1,1
251,f,a,6,9,5,0,0,1,1
252,f,a,6,9,5,0,0,1,1
253,f,a,6,9,5,0,0,1,1
254,f,a,6,9,5,0,0,1,1
255,f,a,6,9,5,0,0,1,1
256,f,a,6,9,5,0,0,1,1
257,f,a,6,9,5,0,0,1,1
258,f,a,6,9,5,0,0,1,1
259,f,a,6,9,5,0,0,1,1
260,f,a,6,9,5,0,0,1,1
261,f,a,6,9,5,0,0,1,1
262,f,a,6,9,5,0,0,1,1
263,f,a,6,9,5,0,0,1,1
264,f,a,6,9,5,0,0,1,1
265,f,a,6,9,5,0,0,1,1
266,f,a,6,9,5,0,0,1,1
267,f,a,6,9,5,0,0,1,1
268,f,a,6,9,5,0,0,1,1
269,f,a,6,9,5,0,0,1,1
270,f,a,6,9,5,0,0,1,1
